_1,_2,_3,_4
SerialQueryExecutor,1.54254024E8,1176720.0,1.173734704E9
